,0
environnement,2
collectif,2
psycho,2
projet,2
compte,2
inconscient,2
inconscier,2
percutante,1
petit,1
réel,1
population,1
prendre,1
prix,1
oublier,1
psychétiqu,1
relation,1
rendre,1
alarmant,1
nan,1
révolution,1
sociale,1
solution,1
sommaire,1
tardivement,1
transformation,1
trop,1
vieillissant,1
vivre,1
vs,1
écologie,1
élaboration,1
non,1
libre,1
manquer,1
enveloppement,1
architecte,1
association,1
changement,1
changements,1
collectives,1
constat,1
difficulté,1
enough,1
ensembl,1
entamer,1
entreprises,1
environnemental,1
maniplation,1
espace,1
ethnologie,1
ethnologique,1
facile,1
financier,1
good,1
homme,1
humain,1
héler,1
idée,1
approche,1
émotion,1
